maps/GEBCO_20_Feb_2022_e090bfcc934c/gebco_2021_n39.0_s36.0_w-125.0_e-120.0.asc
ncols        1200
nrows        720
xllcorner    -125.000000000000
yllcorner    36.000000000000
cellsize     0.004166666667
NODATA_value -32767
[rows 152 to 189 of 720, columns 174 to 260 of 1200]
-3692 -3689 -3688 -3669 -3662 -3658 -3660 -3661 -3660 -3658 -3658 -3658 -3656 -3655 -3653 -3651 -3648 -3646 -3643 -3641 -3638 -3635 -3635 -3632 -3628 -3624 -3617 -3603 -3589 -3584 -3581 -3578 -3575 -3572 -3568 -3566 -3562 -3552 -3544 -3537 -3530 -3519 -3507 -3493 -3479 -3463 -3444 -3433 -3420 -3409 -3403 -3388 -3376 -3369 -3361 -3351 -3337 -3318 -3301 -3265 -3215 -3187 -3182 -3168 -3129 -3084 -3033 -2979 -2949 -2935 -2910 -2866 -2833 -2843 -2874 -2885 -2884 -2857 -2777 -2681 -2616 -2574 -2556 -2451 -2396 -2356 -2325
-3694 -3692 -3691 -3693 -3690 -3667 -3668 -3668 -3665 -3660 -3658 -3657 -3656 -3654 -3652 -3651 -3648 -3646 -3644 -3643 -3640 -3637 -3637 -3634 -3629 -3620 -3614 -3603 -3591 -3587 -3584 -3581 -3579 -3577 -3573 -3571 -3568 -3559 -3552 -3543 -3534 -3523 -3511 -3499 -3487 -3474 -3461 -3449 -3434 -3424 -3417 -3402 -3390 -3385 -3378 -3364 -3353 -3338 -3319 -3290 -3265 -3256 -3250 -3234 -3184 -3128 -3063 -3005 -3005 -3017 -2984 -2940 -2939 -2961 -2949 -2902 -2875 -2832 -2733 -2649 -2603 -2571 -2550 -2539 -2431 -2423 -2408
-3695 -3694 -3692 -3691 -3693 -3671 -3672 -3672 -3666 -3659 -3657 -3655 -3654 -3653 -3652 -3652 -3649 -3647 -3646 -3644 -3641 -3639 -3638 -3636 -3629 -3614 -3607 -3602 -3595 -3591 -3588 -3587 -3586 -3582 -3577 -3576 -3574 -3567 -3561 -3552 -3540 -3529 -3518 -3507 -3497 -3486 -3472 -3456 -3440 -3434 -3428 -3415 -3407 -3402 -3392 -3381 -3370 -3354 -3334 -3323 -3322 -3301 -3278 -3254 -3191 -3144 -3102 -3064 -3090 -3121 -3103 -3072 -3048 -3014 -2936 -2847 -2814 -2777 -2698 -2638 -2606 -2583 -2558 -2542 -2487 -2471 -2431
-3695 -3693 -3692 -3691 -3695 -3671 -3670 -3669 -3662 -3655 -3655 -3653 -3653 -3654 -3653 -3651 -3648 -3647 -3646 -3644 -3642 -3641 -3638 -3632 -3625 -3612 -3605 -3602 -3599 -3597 -3593 -3591 -3590 -3586 -3582 -3580 -3578 -3572 -3566 -3559 -3549 -3539 -3530 -3521 -3512 -3499 -3483 -3465 -3450 -3447 -3443 -3432 -3428 -3421 -3410 -3399 -3387 -3376 -3364 -3359 -3356 -3314 -3277 -3251 -3192 -3156 -3135 -3126 -3161 -3189 -3182 -3149 -3076 -2990 -2888 -2792 -2761 -2743 -2702 -2658 -2621 -2599 -2570 -2529 -2488 -2481 -2429
-3694 -3693 -3692 -3691 -3691 -3692 -3668 -3668 -3663 -3656 -3656 -3655 -3654 -3655 -3653 -3651 -3650 -3649 -3648 -3646 -3642 -3638 -3632 -3623 -3618 -3614 -3610 -3607 -3605 -3603 -3600 -3597 -3593 -3589 -3584 -3582 -3579 -3573 -3567 -3562 -3557 -3550 -3543 -3536 -3531 -3523 -3512 -3496 -3478 -3471 -3468 -3460 -3451 -3441 -3429 -3417 -3406 -3400 -3394 -3382 -3361 -3319 -3289 -3270 -3235 -3215 -3214 -3222 -3231 -3224 -3192 -3140 -3051 -2965 -2916 -2885 -2877 -2854 -2794 -2722 -2657 -2618 -2586 -2541 -2520 -2536 -2555
-3693 -3692 -3691 -3690 -3689 -3689 -3668 -3668 -3666 -3664 -3660 -3656 -3656 -3655 -3653 -3653 -3653 -3652 -3650 -3648 -3640 -3634 -3627 -3620 -3619 -3617 -3616 -3614 -3609 -3607 -3604 -3601 -3597 -3592 -3588 -3586 -3581 -3574 -3570 -3565 -3561 -3555 -3549 -3543 -3539 -3535 -3528 -3517 -3504 -3497 -3490 -3480 -3469 -3453 -3441 -3431 -3423 -3416 -3407 -3386 -3362 -3341 -3328 -3316 -3299 -3295 -3296 -3291 -3273 -3237 -3175 -3099 -3038 -3031 -3057 -3046 -3028 -2958 -2844 -2771 -2709 -2670 -2646 -2617 -2609 -2605 -2584
-3691 -3689 -3688 -3687 -3686 -3685 -3676 -3668 -3665 -3664 -3661 -3658 -3658 -3657 -3655 -3655 -3653 -3650 -3647 -3643 -3638 -3635 -3629 -3622 -3622 -3620 -3618 -3617 -3612 -3609 -3607 -3604 -3600 -3595 -3591 -3589 -3583 -3575 -3571 -3567 -3563 -3557 -3551 -3546 -3542 -3536 -3529 -3521 -3513 -3510 -3501 -3493 -3481 -3463 -3452 -3442 -3431 -3418 -3405 -3391 -3375 -3358 -3347 -3340 -3330 -3325 -3316 -3301 -3274 -3230 -3169 -3108 -3087 -3104 -3100 -3056 -3029 -2971 -2890 -2843 -2796 -2761 -2750 -2745 -2713 -2648 -2586
-3690 -3688 -3685 -3684 -3683 -3682 -3681 -3679 -3669 -3667 -3665 -3660 -3660 -3659 -3658 -3657 -3650 -3641 -3639 -3635 -3632 -3632 -3630 -3626 -3624 -3622 -3620 -3618 -3616 -3613 -3609 -3606 -3602 -3598 -3593 -3591 -3586 -3577 -3572 -3567 -3563 -3558 -3553 -3549 -3545 -3539 -3532 -3525 -3518 -3515 -3510 -3502 -3489 -3475 -3463 -3448 -3431 -3417 -3409 -3402 -3386 -3372 -3367 -3366 -3357 -3345 -3325 -3300 -3259 -3209 -3182 -3169 -3152 -3126 -3084 -3043 -3027 -3001 -2967 -2939 -2909 -2881 -2854 -2827 -2751 -2639 -2576
-3689 -3686 -3684 -3681 -3680 -3679 -3678 -3677 -3677 -3677 -3666 -3663 -3663 -3661 -3660 -3657 -3646 -3634 -3632 -3631 -3632 -3633 -3632 -3629 -3627 -3625 -3622 -3620 -3619 -3616 -3611 -3607 -3604 -3599 -3595 -3594 -3590 -3580 -3572 -3568 -3564 -3559 -3554 -3550 -3546 -3541 -3535 -3528 -3520 -3516 -3512 -3503 -3497 -3484 -3467 -3451 -3434 -3425 -3422 -3413 -3398 -3391 -3391 -3389 -3375 -3356 -3326 -3295 -3252 -3214 -3209 -3201 -3165 -3121 -3086 -3063 -3057 -3049 -3032 -2999 -2956 -2906 -2840 -2772 -2688 -2608 -2609
-3689 -3685 -3683 -3681 -3678 -3676 -3675 -3675 -3674 -3672 -3664 -3665 -3666 -3664 -3662 -3655 -3644 -3637 -3633 -3633 -3634 -3634 -3634 -3634 -3631 -3627 -3624 -3623 -3622 -3617 -3612 -3608 -3605 -3601 -3597 -3596 -3593 -3584 -3575 -3570 -3566 -3561 -3556 -3552 -3548 -3543 -3536 -3529 -3521 -3517 -3513 -3507 -3500 -3485 -3470 -3458 -3446 -3439 -3436 -3427 -3415 -3409 -3405 -3399 -3381 -3359 -3329 -3307 -3277 -3248 -3226 -3194 -3159 -3133 -3114 -3097 -3091 -3076 -3041 -2977 -2902 -2836 -2757 -2694 -2652 -2620 -2660
-3689 -3685 -3683 -3681 -3678 -3675 -3673 -3673 -3671 -3653 -3638 -3647 -3656 -3660 -3658 -3653 -3647 -3643 -3641 -3640 -3639 -3638 -3638 -3637 -3636 -3633 -3631 -3628 -3626 -3621 -3616 -3612 -3609 -3605 -3601 -3600 -3598 -3592 -3583 -3575 -3571 -3565 -3560 -3554 -3549 -3544 -3538 -3531 -3523 -3520 -3516 -3508 -3498 -3485 -3474 -3465 -3459 -3454 -3450 -3442 -3430 -3419 -3411 -3406 -3393 -3378 -3359 -3339 -3302 -3262 -3230 -3200 -3179 -3163 -3137 -3086 -3056 -3027 -2974 -2910 -2845 -2796 -2759 -2746 -2728 -2721 -2779
-3689 -3686 -3683 -3681 -3679 -3676 -3674 -3673 -3672 -3659 -3643 -3639 -3645 -3650 -3650 -3650 -3648 -3648 -3648 -3646 -3645 -3644 -3642 -3640 -3639 -3639 -3636 -3632 -3629 -3625 -3621 -3617 -3614 -3610 -3606 -3605 -3603 -3599 -3590 -3580 -3574 -3569 -3564 -3558 -3551 -3546 -3541 -3534 -3526 -3523 -3518 -3509 -3498 -3489 -3481 -3474 -3469 -3464 -3458 -3448 -3434 -3424 -3419 -3416 -3411 -3402 -3375 -3341 -3304 -3272 -3245 -3221 -3196 -3169 -3135 -3076 -3041 -3021 -2982 -2931 -2890 -2865 -2844 -2840 -2834 -2861 -2944
-3690 -3687 -3684 -3682 -3680 -3677 -3675 -3674 -3673 -3668 -3656 -3645 -3644 -3646 -3646 -3647 -3648 -3650 -3652 -3650 -3648 -3648 -3647 -3644 -3642 -3640 -3636 -3634 -3632 -3628 -3625 -3621 -3617 -3613 -3610 -3609 -3606 -3602 -3595 -3583 -3576 -3571 -3566 -3560 -3554 -3549 -3544 -3537 -3530 -3527 -3522 -3513 -3504 -3495 -3488 -3482 -3476 -3469 -3461 -3450 -3438 -3432 -3430 -3427 -3418 -3401 -3369 -3335 -3310 -3287 -3260 -3232 -3199 -3165 -3132 -3088 -3066 -3052 -3027 -2996 -2974 -2954 -2915 -2890 -2907 -2969 -3056
-3692 -3689 -3686 -3683 -3681 -3679 -3676 -3675 -3674 -3672 -3665 -3653 -3647 -3647 -3647 -3648 -3649 -3651 -3652 -3652 -3650 -3649 -3649 -3647 -3645 -3642 -3637 -3635 -3634 -3631 -3628 -3624 -3621 -3617 -3613 -3612 -3610 -3605 -3600 -3590 -3579 -3573 -3568 -3562 -3557 -3551 -3545 -3540 -3534 -3531 -3526 -3519 -3512 -3504 -3497 -3489 -3481 -3472 -3463 -3454 -3446 -3440 -3437 -3433 -3418 -3396 -3366 -3341 -3324 -3303 -3275 -3244 -3207 -3173 -3150 -3118 -3096 -3087 -3078 -3064 -3042 -3019 -2985 -2977 -3015 -3075 -3136
-3694 -3691 -3687 -3684 -3682 -3680 -3677 -3676 -3675 -3673 -3669 -3662 -3654 -3651 -3651 -3651 -3650 -3651 -3652 -3652 -3650 -3649 -3649 -3647 -3646 -3643 -3639 -3637 -3634 -3631 -3628 -3623 -3622 -3618 -3616 -3615 -3613 -3608 -3603 -3595 -3583 -3574 -3569 -3563 -3559 -3552 -3546 -3542 -3537 -3535 -3530 -3523 -3518 -3511 -3503 -3494 -3484 -3475 -3468 -3460 -3451 -3444 -3440 -3436 -3417 -3392 -3370 -3355 -3341 -3320 -3294 -3264 -3227 -3196 -3187 -3163 -3140 -3141 -3147 -3128 -3092 -3073 -3061 -3081 -3126 -3156 -3177
-3696 -3693 -3690 -3686 -3683 -3681 -3679 -3678 -3676 -3674 -3672 -3669 -3663 -3657 -3656 -3656 -3653 -3652 -3650 -3649 -3649 -3649 -3648 -3646 -3644 -3642 -3638 -3636 -3633 -3630 -3626 -3619 -3617 -3616 -3612 -3610 -3608 -3603 -3598 -3595 -3587 -3577 -3570 -3565 -3561 -3555 -3549 -3545 -3541 -3539 -3535 -3529 -3523 -3517 -3507 -3497 -3489 -3481 -3475 -3467 -3460 -3455 -3452 -3445 -3426 -3404 -3389 -3380 -3363 -3343 -3324 -3305 -3276 -3251 -3237 -3211 -3194 -3211 -3228 -3215 -3203 -3209 -3213 -3217 -3217 -3196 -3176
-3697 -3694 -3692 -3689 -3686 -3683 -3680 -3679 -3678 -3675 -3673 -3671 -3668 -3663 -3660 -3660 -3657 -3654 -3652 -3649 -3649 -3652 -3651 -3647 -3645 -3642 -3638 -3636 -3634 -3631 -3626 -3618 -3617 -3614 -3607 -3604 -3601 -3595 -3590 -3587 -3587 -3581 -3573 -3567 -3563 -3557 -3553 -3549 -3543 -3541 -3538 -3532 -3527 -3521 -3514 -3508 -3499 -3489 -3484 -3478 -3470 -3465 -3462 -3456 -3443 -3430 -3418 -3405 -3389 -3373 -3362 -3347 -3321 -3300 -3280 -3260 -3254 -3279 -3303 -3303 -3305 -3304 -3296 -3267 -3217 -3163 -3123
-3697 -3695 -3693 -3690 -3686 -3683 -3680 -3679 -3678 -3675 -3673 -3671 -3668 -3665 -3662 -3659 -3659 -3658 -3655 -3651 -3651 -3653 -3652 -3650 -3647 -3643 -3640 -3638 -3636 -3632 -3627 -3623 -3620 -3612 -3604 -3601 -3596 -3589 -3586 -3584 -3586 -3583 -3575 -3568 -3564 -3560 -3556 -3551 -3545 -3543 -3540 -3534 -3530 -3527 -3524 -3520 -3510 -3498 -3489 -3480 -3472 -3466 -3463 -3459 -3449 -3440 -3430 -3419 -3406 -3393 -3385 -3371 -3349 -3333 -3324 -3320 -3322 -3333 -3339 -3329 -3316 -3298 -3283 -3243 -3180 -3120 -3076
-3698 -3696 -3694 -3691 -3687 -3684 -3681 -3679 -3678 -3675 -3673 -3671 -3669 -3667 -3665 -3660 -3660 -3661 -3658 -3655 -3654 -3654 -3653 -3652 -3649 -3645 -3643 -3641 -3639 -3635 -3629 -3627 -3621 -3611 -3603 -3599 -3593 -3585 -3582 -3582 -3585 -3584 -3576 -3570 -3566 -3563 -3559 -3553 -3546 -3545 -3543 -3539 -3535 -3533 -3530 -3526 -3517 -3505 -3492 -3482 -3474 -3467 -3463 -3461 -3452 -3442 -3435 -3429 -3420 -3411 -3404 -3396 -3381 -3369 -3367 -3365 -3365 -3360 -3347 -3327 -3306 -3285 -3261 -3215 -3153 -3090 -3032
-3700 -3697 -3695 -3692 -3688 -3685 -3682 -3680 -3679 -3676 -3674 -3672 -3670 -3669 -3667 -3663 -3662 -3662 -3661 -3659 -3657 -3656 -3656 -3655 -3653 -3649 -3646 -3645 -3642 -3638 -3633 -3630 -3623 -3612 -3604 -3600 -3592 -3582 -3581 -3583 -3586 -3585 -3578 -3572 -3568 -3564 -3560 -3554 -3549 -3548 -3546 -3543 -3540 -3537 -3532 -3526 -3519 -3509 -3497 -3485 -3477 -3470 -3465 -3462 -3452 -3442 -3441 -3441 -3435 -3430 -3424 -3418 -3407 -3396 -3391 -3381 -3376 -3366 -3345 -3315 -3282 -3260 -3232 -3176 -3116 -3058 -2998
-3704 -3699 -3696 -3692 -3689 -3685 -3682 -3681 -3679 -3677 -3675 -3672 -3671 -3670 -3667 -3665 -3665 -3663 -3663 -3662 -3660 -3660 -3658 -3657 -3656 -3652 -3650 -3647 -3643 -3639 -3634 -3632 -3625 -3613 -3604 -3600 -3594 -3589 -3588 -3586 -3588 -3587 -3581 -3575 -3570 -3566 -3562 -3557 -3552 -3551 -3549 -3546 -3543 -3540 -3534 -3527 -3520 -3512 -3501 -3489 -3481 -3473 -3467 -3464 -3454 -3447 -3453 -3457 -3452 -3448 -3442 -3433 -3421 -3409 -3399 -3386 -3379 -3365 -3343 -3306 -3261 -3232 -3200 -3140 -3082 -3033 -2987
-3709 -3702 -3696 -3693 -3690 -3687 -3684 -3682 -3681 -3679 -3677 -3675 -3673 -3671 -3668 -3666 -3666 -3666 -3665 -3664 -3664 -3664 -3662 -3661 -3653 -3649 -3652 -3648 -3644 -3641 -3637 -3634 -3628 -3618 -3612 -3610 -3607 -3604 -3600 -3594 -3593 -3592 -3586 -3580 -3574 -3569 -3566 -3562 -3558 -3556 -3554 -3549 -3545 -3542 -3536 -3528 -3522 -3517 -3509 -3498 -3489 -3482 -3478 -3476 -3470 -3467 -3471 -3474 -3469 -3463 -3455 -3443 -3428 -3414 -3402 -3388 -3379 -3366 -3343 -3307 -3264 -3225 -3183 -3133 -3089 -3043 -3003
-3717 -3711 -3696 -3692 -3690 -3688 -3686 -3684 -3683 -3681 -3679 -3677 -3675 -3673 -3670 -3668 -3666 -3666 -3668 -3668 -3666 -3666 -3665 -3664 -3659 -3656 -3654 -3651 -3648 -3644 -3640 -3637 -3635 -3630 -3624 -3621 -3617 -3613 -3609 -3602 -3598 -3596 -3590 -3584 -3578 -3573 -3569 -3566 -3561 -3559 -3556 -3551 -3547 -3543 -3538 -3532 -3527 -3522 -3517 -3508 -3499 -3494 -3493 -3492 -3489 -3486 -3482 -3481 -3479 -3471 -3459 -3445 -3429 -3415 -3404 -3390 -3383 -3371 -3348 -3312 -3273 -3227 -3182 -3143 -3111 -3078 -3055
-3712 -3710 -3696 -3691 -3690 -3688 -3686 -3685 -3684 -3682 -3680 -3678 -3676 -3674 -3671 -3669 -3667 -3665 -3668 -3670 -3668 -3668 -3667 -3665 -3663 -3660 -3657 -3653 -3650 -3647 -3642 -3640 -3640 -3636 -3630 -3626 -3622 -3618 -3614 -3606 -3601 -3597 -3593 -3587 -3581 -3575 -3571 -3566 -3561 -3559 -3557 -3552 -3548 -3544 -3539 -3534 -3529 -3524 -3520 -3513 -3507 -3502 -3500 -3499 -3495 -3492 -3488 -3485 -3482 -3473 -3459 -3446 -3433 -3419 -3407 -3392 -3385 -3374 -3351 -3318 -3277 -3228 -3183 -3159 -3150 -3137 -3132
-3699 -3700 -3695 -3690 -3690 -3689 -3687 -3686 -3685 -3683 -3680 -3678 -3676 -3673 -3671 -3669 -3667 -3664 -3666 -3671 -3671 -3670 -3669 -3666 -3664 -3662 -3659 -3656 -3651 -3648 -3645 -3643 -3642 -3640 -3635 -3632 -3629 -3624 -3618 -3610 -3603 -3598 -3594 -3588 -3582 -3576 -3571 -3567 -3562 -3561 -3558 -3554 -3550 -3544 -3540 -3536 -3531 -3527 -3523 -3516 -3510 -3506 -3504 -3503 -3500 -3497 -3493 -3487 -3483 -3477 -3462 -3450 -3438 -3425 -3411 -3393 -3384 -3372 -3350 -3318 -3279 -3237 -3203 -3205 -3222 -3220 -3225
-3698 -3695 -3688 -3685 -3687 -3689 -3687 -3686 -3685 -3682 -3680 -3677 -3674 -3672 -3671 -3668 -3666 -3664 -3663 -3668 -3672 -3670 -3670 -3668 -3666 -3664 -3661 -3658 -3654 -3650 -3646 -3644 -3642 -3639 -3636 -3635 -3632 -3627 -3621 -3612 -3604 -3598 -3593 -3587 -3581 -3575 -3571 -3568 -3565 -3563 -3561 -3556 -3550 -3545 -3541 -3538 -3535 -3532 -3526 -3518 -3513 -3509 -3507 -3506 -3503 -3501 -3496 -3489 -3486 -3482 -3469 -3456 -3444 -3431 -3417 -3395 -3382 -3371 -3350 -3317 -3284 -3266 -3260 -3282 -3301 -3297 -3303
-3697 -3690 -3684 -3680 -3681 -3686 -3687 -3686 -3684 -3682 -3679 -3676 -3673 -3672 -3670 -3668 -3665 -3663 -3661 -3664 -3670 -3671 -3671 -3670 -3667 -3665 -3662 -3659 -3655 -3651 -3647 -3644 -3641 -3636 -3633 -3632 -3630 -3626 -3621 -3617 -3611 -3604 -3597 -3588 -3581 -3577 -3576 -3572 -3567 -3565 -3562 -3557 -3553 -3548 -3545 -3542 -3539 -3537 -3531 -3523 -3518 -3514 -3511 -3510 -3507 -3503 -3498 -3491 -3486 -3483 -3477 -3467 -3456 -3444 -3430 -3407 -3394 -3380 -3358 -3334 -3313 -3314 -3335 -3360 -3367 -3365 -3359
-3695 -3685 -3680 -3680 -3679 -3684 -3688 -3686 -3685 -3682 -3679 -3676 -3673 -3671 -3669 -3667 -3665 -3663 -3661 -3660 -3664 -3666 -3669 -3670 -3667 -3663 -3659 -3654 -3649 -3646 -3643 -3641 -3638 -3634 -3630 -3628 -3627 -3624 -3620 -3617 -3615 -3611 -3605 -3598 -3592 -3586 -3583 -3576 -3570 -3567 -3564 -3562 -3559 -3555 -3551 -3548 -3543 -3539 -3534 -3527 -3522 -3517 -3514 -3513 -3508 -3505 -3500 -3494 -3488 -3483 -3480 -3475 -3466 -3455 -3440 -3421 -3412 -3396 -3374 -3361 -3354 -3358 -3373 -3385 -3384 -3385 -3376
-3691 -3683 -3681 -3681 -3680 -3683 -3686 -3687 -3685 -3682 -3679 -3676 -3673 -3671 -3669 -3667 -3665 -3663 -3661 -3660 -3660 -3660 -3662 -3666 -3665 -3660 -3655 -3650 -3646 -3642 -3638 -3635 -3631 -3630 -3627 -3625 -3625 -3623 -3620 -3616 -3614 -3612 -3607 -3602 -3598 -3593 -3588 -3583 -3577 -3575 -3573 -3569 -3565 -3560 -3556 -3553 -3546 -3541 -3536 -3529 -3523 -3519 -3517 -3515 -3510 -3506 -3502 -3497 -3491 -3486 -3482 -3477 -3468 -3457 -3444 -3428 -3420 -3409 -3393 -3390 -3390 -3387 -3387 -3388 -3385 -3386 -3379
-3690 -3685 -3683 -3681 -3679 -3678 -3681 -3683 -3683 -3682 -3679 -3677 -3674 -3672 -3669 -3666 -3664 -3663 -3662 -3660 -3659 -3658 -3657 -3659 -3662 -3659 -3654 -3649 -3644 -3639 -3635 -3630 -3624 -3621 -3621 -3621 -3621 -3620 -3620 -3618 -3615 -3612 -3608 -3602 -3598 -3595 -3592 -3589 -3586 -3584 -3583 -3580 -3575 -3569 -3564 -3560 -3552 -3543 -3538 -3531 -3527 -3523 -3520 -3518 -3513 -3508 -3504 -3499 -3494 -3489 -3484 -3480 -3472 -3463 -3456 -3446 -3440 -3434 -3425 -3421 -3416 -3409 -3404 -3393 -3381 -3377 -3365
-3695 -3688 -3683 -3681 -3680 -3679 -3680 -3681 -3682 -3682 -3679 -3677 -3674 -3672 -3669 -3667 -3665 -3664 -3663 -3660 -3657 -3656 -3654 -3654 -3658 -3658 -3654 -3649 -3643 -3637 -3633 -3627 -3620 -3615 -3612 -3612 -3612 -3613 -3616 -3616 -3614 -3612 -3609 -3604 -3599 -3595 -3593 -3590 -3588 -3587 -3586 -3584 -3581 -3577 -3573 -3567 -3557 -3547 -3541 -3535 -3531 -3526 -3523 -3521 -3516 -3510 -3506 -3502 -3498 -3494 -3489 -3487 -3481 -3474 -3470 -3463 -3458 -3455 -3453 -3448 -3436 -3426 -3421 -3405 -3383 -3367 -3344
-3696 -3688 -3683 -3682 -3684 -3683 -3683 -3683 -3683 -3681 -3680 -3677 -3675 -3673 -3671 -3669 -3667 -3664 -3662 -3658 -3655 -3654 -3652 -3650 -3654 -3656 -3653 -3649 -3643 -3637 -3632 -3626 -3620 -3612 -3605 -3605 -3603 -3603 -3605 -3604 -3603 -3605 -3605 -3602 -3599 -3596 -3593 -3591 -3588 -3587 -3586 -3583 -3582 -3580 -3576 -3572 -3564 -3556 -3547 -3539 -3534 -3529 -3526 -3525 -3521 -3517 -3514 -3510 -3506 -3501 -3497 -3493 -3489 -3484 -3479 -3472 -3466 -3466 -3468 -3470 -3460 -3443 -3432 -3416 -3394 -3366 -3340
-3689 -3686 -3684 -3684 -3684 -3684 -3685 -3685 -3684 -3682 -3680 -3679 -3676 -3674 -3672 -3668 -3665 -3662 -3659 -3656 -3653 -3652 -3650 -3647 -3647 -3649 -3649 -3647 -3643 -3637 -3631 -3626 -3620 -3614 -3608 -3607 -3603 -3598 -3596 -3594 -3593 -3596 -3597 -3595 -3593 -3593 -3592 -3590 -3587 -3586 -3585 -3583 -3581 -3578 -3576 -3574 -3571 -3567 -3559 -3547 -3541 -3536 -3534 -3533 -3530 -3528 -3525 -3519 -3513 -3509 -3506 -3502 -3500 -3496 -3492 -3489 -3486 -3484 -3484 -3485 -3480 -3465 -3447 -3426 -3401 -3371 -3349
-3691 -3687 -3684 -3683 -3683 -3684 -3685 -3685 -3686 -3685 -3683 -3680 -3677 -3673 -3669 -3665 -3662 -3659 -3657 -3655 -3652 -3650 -3648 -3645 -3644 -3644 -3645 -3645 -3642 -3636 -3629 -3625 -3619 -3615 -3612 -3609 -3606 -3600 -3595 -3592 -3591 -3596 -3600 -3593 -3586 -3586 -3588 -3587 -3585 -3585 -3584 -3581 -3579 -3576 -3574 -3572 -3570 -3568 -3563 -3556 -3550 -3545 -3542 -3541 -3537 -3534 -3529 -3523 -3517 -3514 -3512 -3511 -3512 -3510 -3508 -3506 -3505 -3502 -3498 -3493 -3487 -3475 -3454 -3427 -3402 -3381 -3369
-3693 -3687 -3683 -3682 -3682 -3683 -3684 -3685 -3686 -3686 -3684 -3680 -3676 -3671 -3668 -3665 -3662 -3659 -3656 -3653 -3650 -3649 -3647 -3644 -3643 -3641 -3641 -3643 -3642 -3636 -3626 -3621 -3618 -3614 -3610 -3608 -3606 -3603 -3597 -3592 -3590 -3597 -3604 -3595 -3585 -3584 -3583 -3582 -3582 -3582 -3582 -3580 -3577 -3575 -3573 -3571 -3568 -3565 -3560 -3556 -3553 -3548 -3545 -3543 -3539 -3536 -3531 -3525 -3520 -3516 -3515 -3514 -3516 -3518 -3519 -3520 -3518 -3514 -3507 -3498 -3490 -3478 -3456 -3426 -3406 -3397 -3389
-3692 -3687 -3684 -3681 -3682 -3682 -3682 -3683 -3684 -3685 -3684 -3682 -3678 -3672 -3668 -3665 -3662 -3658 -3655 -3652 -3649 -3648 -3647 -3644 -3643 -3640 -3638 -3641 -3641 -3635 -3626 -3621 -3620 -3615 -3610 -3607 -3606 -3604 -3599 -3595 -3596 -3602 -3606 -3595 -3585 -3583 -3581 -3579 -3578 -3579 -3579 -3579 -3576 -3574 -3572 -3570 -3567 -3563 -3559 -3554 -3552 -3549 -3547 -3545 -3541 -3538 -3533 -3527 -3520 -3517 -3516 -3516 -3518 -3521 -3526 -3528 -3526 -3523 -3515 -3503 -3493 -3478 -3454 -3430 -3418 -3414 -3414
-3691 -3688 -3686 -3682 -3681 -3680 -3681 -3683 -3685 -3686 -3686 -3684 -3681 -3674 -3667 -3664 -3661 -3657 -3655 -3651 -3649 -3649 -3647 -3645 -3643 -3640 -3638 -3639 -3638 -3634 -3628 -3624 -3620 -3615 -3609 -3606 -3605 -3602 -3599 -3599 -3604 -3609 -3609 -3598 -3588 -3586 -3583 -3580 -3577 -3577 -3577 -3577 -3575 -3573 -3571 -3569 -3567 -3563 -3558 -3554 -3551 -3548 -3547 -3545 -3543 -3541 -3536 -3529 -3521 -3517 -3517 -3518 -3521 -3525 -3531 -3533 -3532 -3528 -3520 -3508 -3494 -3475 -3459 -3451 -3441 -3435 -3438
-3689 -3688 -3686 -3684 -3683 -3683 -3685 -3687 -3687 -3687 -3686 -3685 -3682 -3674 -3665 -3663 -3660 -3657 -3654 -3651 -3649 -3648 -3647 -3644 -3642 -3639 -3637 -3635 -3635 -3633 -3629 -3625 -3620 -3616 -3610 -3607 -3606 -3605 -3603 -3604 -3611 -3614 -3611 -3600 -3591 -3589 -3587 -3584 -3579 -3578 -3579 -3577 -3572 -3570 -3569 -3567 -3565 -3562 -3558 -3554 -3551 -3549 -3548 -3547 -3545 -3544 -3540 -3532 -3527 -3525 -3526 -3527 -3528 -3530 -3533 -3536 -3536 -3533 -3524 -3512 -3499 -3491 -3491 -3493 -3489 -3476 -3466
