maps/GEBCO_20_Feb_2022_e090bfcc934c/gebco_2021_n39.0_s36.0_w-125.0_e-120.0.asc
ncols        1200
nrows        720
xllcorner    -125.000000000000
yllcorner    36.000000000000
cellsize     0.004166666667
NODATA_value -32767
[rows 190 to 227 of 720, columns 957 to 1043 of 1200]
57 56 62 65 59 59 61 66 71 79 90 92 94 100 107 111 109 95 81 85 86 72 77 89 104 122 132 138 151 166 144 115 116 114 122 138 161 170 187 240 297 322 294 254 224 219 222 229 235 248 257 253 237 242 276 299 293 305 305 304 301 299 281 257 296 327 318 291 264 278 290 252 241 276 278 253 261 257 271 299 343 361 367 384 375 355 356
52 54 55 54 55 58 59 62 73 93 98 98 98 103 102 108 112 108 117 110 87 74 75 84 100 117 127 138 147 155 138 119 126 136 135 141 161 178 192 204 247 293 280 246 219 208 217 231 240 242 268 256 233 249 272 302 315 320 314 304 288 262 244 244 239 278 313 296 275 258 255 239 254 289 316 306 282 275 286 301 320 353 368 370 389 399 390
55 57 55 57 59 58 61 64 76 91 90 88 88 92 100 109 111 108 109 106 95 95 85 83 88 103 124 153 149 170 166 131 133 147 171 178 165 179 202 223 259 284 262 229 211 205 217 228 229 226 230 235 247 250 288 288 303 318 309 303 281 237 234 255 226 224 238 248 259 251 231 242 263 283 303 320 307 292 299 302 308 324 343 359 382 399 414
60 57 55 55 57 58 60 62 64 73 86 92 96 103 116 117 101 97 99 105 110 113 125 128 124 128 133 145 136 142 144 138 152 177 211 212 187 202 230 241 243 267 243 219 207 200 205 207 211 211 219 227 238 249 270 276 292 287 272 308 280 237 219 220 220 223 259 321 353 320 283 241 238 273 304 323 326 321 332 333 326 326 343 354 369 384 399
62 61 64 59 58 60 69 75 77 70 85 92 95 100 110 107 96 103 110 112 123 126 119 113 114 120 124 126 130 135 139 150 182 203 199 176 187 202 212 214 221 253 242 211 203 198 203 200 206 214 222 222 230 256 262 266 284 263 253 315 270 222 217 230 272 258 251 327 429 441 366 288 242 269 311 332 331 322 317 325 335 329 337 346 356 380 393
65 74 76 76 78 77 82 93 90 72 78 86 82 100 99 92 88 92 102 116 114 104 105 111 111 113 116 123 131 134 139 142 148 157 163 175 186 189 195 209 219 221 217 203 196 194 197 200 204 209 218 231 238 243 248 258 251 246 230 254 285 248 218 222 263 329 304 308 418 515 468 381 304 256 266 296 307 312 305 312 330 345 354 355 353 366 386
76 75 83 89 90 83 79 90 91 76 67 68 73 83 81 82 86 91 94 97 96 98 106 109 105 105 112 117 121 123 129 138 147 165 178 183 198 202 223 246 229 209 208 202 194 204 216 217 215 223 235 244 229 228 254 254 227 220 217 219 227 230 220 226 259 328 361 325 382 513 581 514 430 338 270 254 282 290 297 304 311 332 357 372 369 354 355
85 87 86 87 91 88 92 95 93 78 69 70 70 73 76 81 86 86 89 95 98 97 99 102 99 105 109 112 115 117 123 132 154 174 166 183 219 228 213 207 198 203 208 196 199 213 225 233 225 225 237 229 222 219 226 228 218 217 218 246 279 299 276 234 244 283 381 408 380 478 613 621 538 441 346 268 290 342 334 325 302 323 353 364 361 349 332
83 86 88 85 88 91 93 93 87 79 74 75 70 72 75 79 82 87 90 94 96 96 92 95 97 102 104 107 113 116 121 134 159 158 174 209 222 199 181 181 190 194 194 189 200 212 229 224 218 224 234 226 219 217 217 218 219 224 226 272 373 392 383 309 270 274 395 504 456 456 541 645 646 535 441 330 279 359 376 367 322 305 328 348 355 339 323
85 85 87 89 90 92 97 99 93 84 87 90 79 75 74 76 89 100 88 85 89 89 89 93 97 104 107 117 128 133 144 149 151 150 183 211 213 185 169 170 188 193 188 191 203 212 220 225 219 218 236 235 218 218 217 219 226 248 262 288 405 485 509 426 323 303 356 471 577 578 541 602 707 660 549 435 315 294 364 347 314 290 300 307 336 339 320
88 94 94 97 102 98 98 99 92 87 100 109 103 93 78 76 84 85 83 84 84 87 92 94 99 108 126 138 132 127 130 133 145 152 173 203 210 189 166 171 188 206 193 197 209 214 229 229 219 217 222 226 218 218 218 228 241 250 265 294 379 480 562 527 394 334 367 451 578 695 692 654 696 727 644 545 417 300 300 349 301 268 280 284 293 313 319
91 97 101 104 105 105 103 96 93 89 94 107 100 87 81 79 81 82 82 82 85 89 91 95 106 116 130 122 116 116 122 146 161 172 185 197 212 191 159 159 171 188 189 202 217 219 223 227 218 217 217 217 217 217 217 222 274 311 288 278 309 383 503 549 473 384 392 509 594 678 714 706 699 707 718 643 514 403 307 293 289 273 304 322 333 337 330
87 93 97 102 101 109 116 122 130 120 100 97 94 89 92 91 95 92 99 102 93 90 93 101 106 116 127 115 112 112 126 148 147 152 172 195 202 167 150 161 177 189 188 196 206 214 207 214 217 217 217 217 217 217 218 229 310 393 377 327 296 321 376 458 535 489 423 517 586 633 675 668 672 690 723 705 606 513 424 322 334 308 281 294 329 368 365
82 86 90 95 103 111 118 128 127 110 103 105 98 97 106 99 96 106 121 132 122 106 97 100 107 117 117 110 108 114 137 133 133 149 182 183 157 151 173 207 213 203 181 174 188 192 183 194 216 217 217 217 218 218 223 235 268 332 388 420 381 334 352 427 529 554 486 497 559 592 635 647 673 687 697 749 704 592 486 414 367 360 297 297 322 375 385
84 90 93 99 105 112 121 126 117 109 113 109 96 100 104 103 105 113 116 119 114 95 91 94 105 111 106 106 105 120 134 128 152 169 178 152 137 153 184 212 204 188 180 188 178 183 188 205 217 217 217 217 217 221 228 241 265 346 416 440 495 444 384 389 492 559 559 494 507 560 590 635 649 640 666 754 774 694 600 519 431 382 339 290 305 330 369
85 90 95 97 102 109 115 114 111 107 108 98 96 106 110 115 111 102 104 96 88 84 85 90 96 101 102 100 109 122 121 147 158 143 137 130 135 147 172 204 214 201 178 211 228 216 209 208 222 224 217 217 217 218 223 235 252 303 417 486 498 530 504 415 442 550 616 581 512 520 561 595 610 609 639 709 797 801 701 582 482 402 372 298 283 312 338
86 92 95 101 106 109 109 105 104 100 102 103 110 115 120 118 108 100 95 88 83 81 82 87 90 94 98 105 110 113 121 134 132 147 148 131 141 157 163 184 212 212 185 185 220 228 223 227 234 227 218 217 217 217 220 231 252 314 426 523 531 575 579 486 464 550 630 646 617 562 529 555 578 615 640 668 742 818 754 634 530 450 381 317 285 288 302
83 91 95 98 101 102 99 96 92 94 99 106 116 110 110 108 101 96 88 84 82 79 85 90 93 100 108 113 124 135 137 132 129 134 123 136 158 169 182 182 186 181 169 185 222 245 235 242 241 225 219 217 217 217 219 228 248 301 390 453 524 623 624 559 488 553 618 673 696 664 573 539 557 622 624 576 635 747 767 681 563 463 394 337 291 298 283
81 87 92 93 93 97 92 87 89 96 101 105 107 98 95 94 90 87 85 80 79 82 91 113 118 116 110 119 145 153 139 144 137 124 134 142 164 179 183 184 175 162 180 189 218 257 254 247 245 228 225 219 218 218 231 245 262 303 346 385 491 582 611 580 570 607 626 637 671 701 635 546 507 540 570 519 519 582 661 682 583 469 381 322 287 304 309
77 83 87 86 87 84 83 83 80 83 92 107 113 102 99 95 91 84 79 75 77 87 101 114 116 118 122 119 133 124 109 116 120 122 135 147 160 165 171 178 198 179 207 214 241 294 281 247 236 234 230 224 226 220 230 261 267 279 299 330 388 483 604 644 655 715 707 693 719 687 650 594 523 484 476 470 458 473 513 567 540 455 397 335 292 304 329
74 76 80 78 76 80 83 78 74 78 84 101 114 118 120 100 89 87 83 73 77 92 98 108 98 92 101 117 116 99 101 102 108 126 143 142 146 155 171 188 216 226 172 176 231 273 296 254 245 252 236 224 241 231 226 251 269 275 289 306 339 423 553 636 684 752 767 763 772 742 670 595 549 503 477 460 451 452 447 453 452 428 395 347 306 292 301
72 72 72 72 78 82 83 76 73 83 87 97 111 107 91 82 79 82 82 73 73 81 97 94 84 82 83 88 91 90 96 103 119 134 147 137 134 155 169 170 198 215 167 226 314 322 333 295 256 258 237 223 245 251 229 234 247 264 287 300 321 396 504 544 637 713 759 789 809 811 752 654 580 580 538 481 465 458 453 459 450 402 377 349 320 306 294
73 67 67 76 77 73 78 69 71 80 82 92 112 101 82 78 77 78 78 70 68 78 90 78 80 76 77 81 87 94 103 98 105 125 135 122 141 163 174 154 143 147 138 231 318 351 381 335 272 271 247 231 237 258 257 240 234 251 288 329 324 357 434 489 572 670 710 733 756 778 798 744 643 623 612 525 514 477 466 450 443 411 377 380 340 308 305
79 76 66 63 64 63 65 66 74 89 98 105 116 97 77 73 80 83 81 72 69 78 80 72 72 77 82 82 84 86 91 93 99 111 120 132 154 170 170 134 134 164 220 250 288 338 384 365 286 282 275 252 236 250 273 276 249 250 268 308 344 345 404 482 558 625 659 686 703 712 746 736 657 583 581 527 487 478 481 471 455 436 384 361 349 318 314
82 84 76 66 64 59 61 72 87 91 95 102 99 79 71 69 74 78 78 78 75 67 68 68 70 74 78 82 87 86 90 91 91 116 129 138 155 159 142 127 162 183 240 275 303 326 351 363 321 282 293 274 261 255 268 287 287 262 268 291 370 384 384 462 521 534 594 647 684 692 682 695 677 592 544 524 470 435 440 462 438 416 405 372 353 330 312
82 83 81 79 72 60 58 72 82 82 90 85 77 73 70 65 66 70 64 61 61 64 69 69 69 72 74 73 77 79 83 91 82 95 113 130 144 162 139 126 152 189 222 262 290 320 345 352 342 296 295 292 280 268 263 281 300 292 272 284 331 401 385 407 445 474 536 606 666 689 659 658 650 613 570 530 500 450 421 432 450 433 447 424 380 362 330
77 82 85 79 63 58 57 71 74 69 66 67 68 73 76 67 62 62 57 60 72 73 67 68 68 70 69 71 72 72 68 71 73 83 96 109 125 133 115 129 164 200 209 238 278 309 329 334 343 313 293 301 296 299 285 280 295 301 286 276 300 350 373 378 399 444 501 538 591 620 626 629 662 663 630 558 501 463 429 415 423 440 423 427 391 359 340
68 73 81 82 64 55 59 63 62 64 68 62 64 72 75 71 68 60 56 66 77 84 77 71 66 66 73 78 82 80 68 65 66 69 78 98 111 111 120 146 171 205 232 236 255 280 304 325 353 346 296 305 310 315 303 290 292 302 308 298 292 316 346 373 388 407 453 491 544 564 562 588 630 660 691 626 522 463 439 422 400 402 406 389 379 358 352
67 78 87 81 66 57 51 58 63 63 60 60 64 66 67 69 72 63 55 61 67 73 82 75 67 72 91 102 103 87 75 66 69 81 89 90 98 96 122 140 157 182 208 235 267 290 313 336 353 339 304 297 311 325 330 313 311 322 337 328 310 316 325 353 383 392 421 472 499 537 564 536 540 579 637 673 590 508 472 447 416 402 393 403 385 389 391
74 83 84 67 56 53 49 58 66 58 55 56 60 65 70 66 68 65 55 53 59 69 78 67 66 78 94 104 107 78 70 67 65 78 105 116 117 124 143 164 161 172 186 221 243 268 286 306 322 319 311 299 312 324 336 334 330 331 337 349 325 321 330 339 363 388 399 431 473 529 595 576 519 540 610 661 638 573 503 468 447 428 404 402 412 412 428
74 80 85 73 53 47 54 61 60 57 51 58 58 67 73 58 53 54 53 51 54 59 64 61 69 79 90 102 107 81 69 63 63 75 104 122 138 159 178 182 187 181 180 191 214 248 258 282 302 312 326 315 306 315 328 344 352 349 338 356 358 332 327 341 357 396 394 389 415 466 547 587 527 504 557 605 642 627 563 520 484 455 430 401 423 462 450
68 73 77 72 52 46 56 56 51 52 58 62 56 58 60 52 49 51 53 53 54 55 57 62 70 76 80 87 87 79 65 60 63 77 95 122 146 157 163 165 161 165 173 189 207 246 274 292 314 340 363 346 313 309 320 329 344 359 352 354 370 363 338 337 344 362 378 376 386 413 446 496 481 481 515 586 627 635 640 613 540 467 436 417 409 438 439
71 73 72 55 47 45 49 49 47 45 53 58 55 57 56 51 49 50 52 54 55 56 56 57 59 60 65 63 67 67 63 62 68 85 98 116 134 139 141 141 159 184 197 198 202 228 267 301 349 374 413 404 355 322 323 324 332 352 360 358 369 371 361 341 341 349 357 367 369 382 389 404 455 496 482 531 564 587 642 698 630 515 457 432 417 411 417
71 64 56 48 43 44 45 43 42 44 47 57 53 53 51 50 49 50 54 58 59 58 58 63 66 62 60 64 60 61 63 71 79 98 111 115 120 125 139 153 165 185 221 239 227 216 244 290 332 370 408 397 374 341 327 331 333 344 352 358 359 366 365 351 342 347 349 356 366 370 376 391 447 464 447 484 525 571 608 645 679 575 496 454 432 424 420
60 54 46 44 43 44 44 44 46 46 44 46 43 46 51 51 50 51 63 78 85 78 68 77 86 69 59 72 74 67 70 76 89 106 105 113 126 140 145 152 167 191 217 244 255 241 235 266 315 373 409 408 365 361 344 336 334 337 342 352 350 353 360 355 350 342 346 353 361 364 368 382 414 408 430 480 522 543 565 607 648 660 595 515 463 441 440
53 45 42 42 42 42 43 45 50 56 56 50 49 53 56 59 67 62 73 82 90 93 90 91 96 74 58 68 88 83 85 91 104 98 102 107 122 129 132 145 162 189 216 238 252 262 252 253 270 318 350 373 377 392 386 348 341 340 340 341 344 345 352 352 353 348 347 351 356 362 364 368 398 395 402 485 544 531 529 578 586 623 675 619 529 471 463
44 41 40 41 41 41 45 55 64 70 75 67 64 70 73 74 77 82 83 89 94 96 98 99 94 80 65 61 70 77 85 98 101 92 93 96 105 115 129 132 144 168 185 218 248 264 282 290 295 317 330 357 398 415 417 377 348 341 337 335 340 339 342 346 348 353 350 350 352 362 369 359 372 395 389 405 444 478 489 522 529 557 627 702 661 533 476
42 40 40 41 40 48 65 71 69 68 71 73 75 77 79 80 82 86 89 92 93 96 98 98 95 85 75 63 64 70 87 96 89 89 94 98 108 122 140 149 138 150 166 187 221 252 272 279 297 353 380 376 402 425 420 387 355 340 336 333 334 335 337 340 345 349 347 347 346 354 369 363 354 369 391 375 390 432 454 470 504 531 585 664 647 563 501
