maps/GEBCO_20_Feb_2022_e090bfcc934c/gebco_2021_n39.0_s36.0_w-125.0_e-120.0.asc
ncols        1200
nrows        720
xllcorner    -125.000000000000
yllcorner    36.000000000000
cellsize     0.004166666667
NODATA_value -32767
[rows 342 to 379 of 720, columns 783 to 869 of 1200]
425 436 462 533 582 538 475 470 423 368 307 243 246 292 339 424 531 636 724 801 850 876 901 913 911 880 783 720 753 826 907 918 828 748 661 595 655 732 756 664 617 689 746 753 773 801 806 834 849 845 808 755 719 689 680 655 625 610 584 561 557 534 489 444 417 398 408 415 387 343 299 281 261 284 314 337 362 389 405 386 371 359 379 362 315 232 177
532 504 466 503 568 570 581 560 467 418 374 302 239 267 376 502 613 687 748 810 864 854 880 928 962 968 898 843 842 876 947 970 899 834 742 646 602 648 738 711 630 680 721 759 820 860 862 862 877 873 832 813 781 767 766 735 729 719 688 676 668 642 600 544 506 467 428 382 354 335 306 276 320 353 383 396 399 372 351 348 315 293 293 310 314 297 220
643 609 576 537 527 592 646 598 549 518 439 326 243 271 369 484 591 666 735 809 828 798 836 893 946 984 978 937 915 935 1003 1035 994 921 814 711 654 658 723 705 639 698 774 835 861 880 871 837 855 839 824 795 794 803 827 821 833 818 789 766 752 721 647 578 549 532 504 477 455 432 393 312 309 373 409 391 353 328 302 294 257 235 227 240 258 273 256
715 715 698 644 553 571 640 676 667 616 508 395 310 269 305 404 490 544 597 681 726 808 872 879 892 934 991 1030 1030 1040 1045 1082 1044 964 867 780 713 658 694 693 679 661 734 789 810 840 821 824 787 782 789 756 773 820 856 876 889 851 768 706 658 611 565 532 524 483 445 429 407 386 359 328 310 360 415 403 360 328 283 237 239 284 262 224 205 207 212
673 717 742 735 666 610 577 617 682 668 557 463 429 390 313 294 341 377 450 573 713 816 881 929 935 922 936 981 1037 1044 1046 1073 1061 986 901 834 774 703 666 665 709 681 673 754 797 807 784 807 781 730 740 780 821 830 838 861 870 827 792 745 696 678 656 644 633 579 537 509 482 463 447 404 333 364 412 414 373 332 271 244 290 343 324 325 298 250 226
707 699 758 815 813 737 690 651 637 666 622 580 593 538 433 346 298 305 412 533 663 791 869 913 945 955 958 963 961 941 964 1018 1039 1006 938 881 829 765 716 668 701 739 687 690 712 739 730 739 713 718 741 757 776 807 849 891 900 870 865 819 782 768 738 695 660 637 596 540 476 440 403 381 375 380 438 421 363 302 255 278 350 355 388 430 421 355 333
780 764 753 821 873 855 847 787 727 682 716 677 656 608 511 422 354 304 382 498 592 705 765 808 878 893 890 884 880 853 886 966 1019 979 953 902 854 798 744 702 684 742 763 720 700 696 678 702 739 742 776 822 826 850 882 893 906 874 850 824 811 766 682 628 583 532 506 468 461 467 480 481 471 454 476 496 412 296 280 328 377 450 474 519 517 497 478
723 787 818 843 906 952 953 917 861 795 799 796 741 656 587 515 432 359 324 390 487 592 626 671 770 792 753 737 728 775 845 921 954 911 898 929 924 846 782 738 700 707 780 835 822 774 718 725 800 823 839 879 842 847 856 832 839 819 809 804 802 767 734 690 623 588 592 568 579 593 555 514 480 443 414 474 467 338 315 382 407 464 532 559 585 559 462
694 721 781 849 909 971 1001 997 959 898 854 863 794 716 670 622 538 458 376 322 381 483 558 631 721 689 604 588 655 738 790 797 804 812 819 868 946 901 836 772 721 686 747 834 895 871 777 717 765 849 884 853 789 787 779 792 797 787 791 814 825 815 809 776 719 705 700 685 687 687 635 595 567 513 428 385 438 371 314 377 400 387 416 444 508 590 544
793 773 782 813 884 937 967 1009 1012 968 930 902 883 846 780 679 593 526 461 388 344 358 490 591 674 649 526 531 681 709 683 661 678 724 766 849 916 918 887 830 761 706 706 777 858 893 841 766 736 782 793 757 756 767 770 772 769 777 783 788 785 791 811 812 803 809 789 742 705 709 698 671 615 541 461 386 351 313 362 471 520 491 478 486 527 620 686
916 900 897 887 898 955 989 1000 1028 1039 1030 979 940 896 798 711 638 590 553 518 446 365 366 423 540 586 485 492 577 615 595 580 623 662 695 732 801 887 921 889 827 760 719 732 805 848 873 831 794 774 765 773 796 814 841 859 823 788 836 870 866 843 798 811 839 842 763 671 622 612 647 690 631 545 490 462 407 336 353 435 538 617 607 580 596 657 743
871 913 963 991 983 997 1032 1070 1070 1060 1065 1057 1023 964 860 776 733 705 668 621 545 482 402 373 457 467 459 502 523 543 562 587 619 630 674 749 810 885 949 942 901 843 774 724 730 777 835 820 795 813 818 826 857 864 858 892 881 825 810 858 885 849 810 828 877 872 795 721 651 590 561 631 668 619 561 528 473 385 343 437 515 528 521 497 529 624 737
811 827 870 925 997 1041 1036 1073 1094 1090 1061 1044 1055 1037 980 917 887 834 794 752 692 619 518 397 399 451 512 576 617 658 692 703 717 678 751 859 940 971 971 956 909 889 864 811 750 725 756 755 751 766 783 811 842 857 869 878 896 889 820 830 871 835 867 877 881 885 825 772 726 632 539 518 572 598 538 457 445 392 340 374 393 421 447 465 507 595 725
938 922 919 946 960 999 1061 1096 1125 1119 1082 1033 1013 1029 1040 1027 995 943 911 885 836 741 617 479 377 447 548 599 644 647 692 760 809 785 843 949 1030 1049 1038 997 950 961 968 904 821 750 724 756 776 767 777 799 808 842 872 898 910 879 829 833 864 863 883 894 876 808 758 709 668 614 543 466 441 458 458 398 386 380 375 460 475 488 560 550 575 627 732
1033 1044 1041 1059 1059 1037 1046 1102 1140 1134 1091 1049 992 966 995 1002 1021 1030 987 906 880 797 654 517 379 408 529 642 684 713 728 725 763 818 898 961 991 994 1026 1024 1010 996 1002 965 868 795 731 722 737 762 784 798 799 796 808 826 862 889 843 842 897 890 917 930 872 770 713 643 579 536 487 474 525 454 406 437 494 435 384 491 583 577 594 667 722 754 810
1035 1062 1092 1095 1078 1078 1088 1109 1137 1132 1122 1105 1058 988 932 914 948 966 929 846 779 747 626 507 381 390 470 581 715 774 817 836 804 865 910 877 854 860 891 910 945 979 986 960 893 826 774 728 757 759 778 813 825 822 828 813 829 864 858 844 883 913 930 904 833 756 706 664 625 571 492 480 540 515 446 474 544 480 407 475 576 628 664 741 829 867 910
932 955 981 963 982 1034 1082 1127 1140 1114 1089 1083 1094 1074 1007 932 865 829 778 719 672 622 564 500 447 438 401 500 636 696 755 814 860 863 814 757 724 747 795 839 862 899 952 967 925 850 793 740 771 807 800 832 867 849 842 857 859 886 888 866 904 942 912 857 785 700 636 594 563 516 490 513 581 585 518 483 541 530 452 439 503 539 583 654 731 788 882
767 782 836 915 1015 1063 1062 1088 1113 1108 1068 1055 1090 1120 1061 977 910 841 752 757 798 757 731 660 622 572 472 414 467 547 627 697 753 722 660 693 737 764 829 907 943 921 924 946 965 914 833 760 762 799 810 841 877 892 871 884 898 882 882 903 941 970 929 866 788 724 668 626 575 534 554 567 604 640 569 539 561 521 469 441 445 495 524 589 671 777 890
648 777 898 1003 1045 1027 1012 994 1017 1073 1072 1047 1080 1125 1090 1031 957 873 809 821 889 897 837 781 729 653 558 473 426 453 517 579 622 603 646 740 826 866 865 913 998 1013 1001 988 971 950 888 798 741 752 768 817 842 855 829 836 831 822 820 853 895 955 952 891 847 823 769 717 624 583 618 638 650 686 651 626 609 548 522 468 444 463 514 591 682 769 807
689 798 868 865 882 906 896 881 987 1021 1035 1027 1040 1083 1087 1036 994 963 921 892 883 922 896 820 745 706 686 610 528 439 449 502 519 558 662 754 846 941 990 972 1011 1079 1091 1060 1014 984 918 835 761 774 788 773 788 794 778 781 783 784 797 824 874 913 930 952 960 928 874 797 680 641 646 681 729 782 767 751 704 631 550 535 537 491 505 576 668 712 718
634 670 682 656 728 755 748 792 866 927 983 997 1041 1030 982 947 966 999 975 949 920 943 941 872 814 795 795 729 614 505 458 450 531 607 706 796 880 965 1060 1086 1080 1107 1125 1078 1042 1032 959 856 771 792 834 833 858 845 803 809 827 816 795 813 839 847 906 996 1058 1022 961 865 761 712 731 770 820 883 865 855 774 679 623 624 601 564 540 579 659 659 668
469 489 481 493 548 572 619 712 859 998 1068 1047 1078 1093 1009 923 920 978 1012 1028 1004 998 998 945 914 878 805 712 633 574 515 464 561 645 701 758 839 937 1022 1086 1119 1133 1130 1094 1079 1076 993 890 810 789 831 851 864 878 881 885 904 859 832 825 825 845 907 1005 1035 993 932 899 831 801 835 893 935 962 935 882 801 742 704 680 660 640 610 594 597 601 630
469 455 510 511 474 479 595 698 797 923 1046 1081 1104 1108 1040 938 876 932 998 1050 1059 1038 1014 969 938 913 830 738 677 611 545 489 584 672 738 803 849 916 978 1041 1087 1114 1149 1173 1152 1114 1045 957 877 805 816 835 855 873 897 906 905 913 910 880 868 914 966 1043 1024 907 842 857 888 918 938 943 952 941 922 927 872 817 776 743 714 680 659 676 666 642 677
619 605 661 649 563 477 545 656 737 882 1032 1073 1076 1044 990 917 852 894 951 1013 1053 1014 941 879 843 848 866 835 778 715 643 551 492 541 640 728 839 932 983 1042 1047 1066 1140 1199 1206 1184 1124 1037 954 888 829 841 885 893 865 878 905 946 980 969 967 993 1009 1008 943 844 765 783 825 890 937 913 862 850 859 906 923 896 842 792 758 731 720 754 780 764 775
770 773 738 673 619 530 545 670 770 900 1021 995 1000 1025 993 917 832 829 874 922 985 977 919 879 826 774 782 802 832 776 706 609 522 476 528 635 744 816 857 913 912 981 1078 1125 1153 1192 1169 1108 1052 976 879 838 867 855 853 894 960 1019 1046 1037 1041 1029 960 890 840 756 701 732 793 854 914 892 805 828 909 940 940 953 894 848 824 792 741 724 754 789 805
911 877 798 759 722 622 556 645 772 899 957 899 880 943 958 925 843 780 802 860 923 973 986 950 884 836 799 736 757 780 754 677 576 496 486 541 619 678 761 797 806 906 1006 1040 1074 1135 1155 1125 1098 1034 940 855 830 851 900 938 988 1044 1059 1020 997 970 914 854 788 702 652 693 752 831 854 790 742 824 906 931 918 954 928 884 844 791 746 705 691 725 759
929 920 888 891 843 724 588 589 664 735 777 772 789 837 881 885 819 769 737 810 874 908 967 973 934 879 843 799 698 668 704 713 647 533 480 522 576 627 680 718 756 823 878 923 1010 1077 1127 1091 1069 1023 975 893 841 878 909 932 958 1003 1059 1059 993 964 937 881 819 720 659 647 696 759 756 709 706 780 851 887 886 919 903 896 901 868 814 743 665 654 706
797 805 886 923 908 811 692 585 594 618 623 640 689 748 810 814 770 746 709 737 776 827 900 943 913 861 839 773 682 603 627 674 618 520 525 559 561 603 634 642 671 719 766 847 912 998 1062 1044 1002 989 1003 939 867 861 888 902 942 1019 1060 1043 1015 961 960 935 860 795 717 656 640 673 653 668 767 836 858 866 900 930 902 870 884 877 839 754 686 621 599
612 673 817 887 912 906 802 690 651 610 616 611 623 683 759 755 718 686 678 693 759 796 850 906 897 808 719 661 627 581 561 578 569 509 554 619 629 619 628 646 651 657 684 734 827 900 945 980 979 962 1012 963 893 872 925 963 992 1039 1083 1031 973 937 944 975 957 908 846 758 656 610 610 686 793 877 904 896 914 908 870 851 849 848 859 813 756 688 608
451 588 715 773 848 907 916 880 834 779 783 754 726 668 683 690 671 665 685 687 744 814 855 902 952 903 795 702 655 632 623 566 505 527 601 685 729 734 752 742 751 752 717 688 702 763 821 863 863 909 986 979 913 870 897 940 944 988 1050 1030 977 930 936 983 991 968 906 820 728 620 614 695 775 794 782 798 848 867 860 851 846 826 806 775 759 757 703
372 463 554 609 731 825 888 952 955 946 965 899 800 760 749 694 670 700 752 719 709 753 800 863 940 966 894 800 735 717 712 636 547 527 608 678 729 709 683 676 698 691 698 737 722 706 734 754 765 825 895 923 899 879 880 898 916 963 990 973 985 942 940 970 969 945 887 776 701 625 591 663 692 713 710 725 761 765 774 765 799 847 864 847 785 731 724
414 375 425 520 600 671 762 857 934 1020 1039 974 906 854 824 819 768 730 780 760 709 722 785 860 924 965 931 861 815 828 804 705 625 541 541 617 664 641 587 594 642 710 746 757 780 781 757 741 744 762 777 805 828 861 906 929 975 1002 987 944 928 936 908 925 932 920 874 760 667 613 568 579 602 629 638 634 625 633 650 631 661 705 743 788 788 782 745
588 452 399 540 690 787 829 927 1047 1122 1110 1043 985 931 864 897 870 795 832 808 754 719 760 802 843 900 949 922 907 901 860 768 688 612 555 540 554 554 578 619 693 786 840 859 833 812 815 820 824 835 811 826 832 811 858 920 952 962 954 925 900 896 893 896 896 902 878 803 743 671 613 576 548 551 561 564 531 519 536 522 548 577 640 680 669 717 740
644 492 399 543 674 806 892 979 1090 1144 1128 1063 988 963 923 946 914 847 880 860 804 744 722 762 820 847 882 935 962 963 925 856 788 721 648 569 540 540 613 671 725 811 879 897 909 891 847 860 914 928 915 914 881 828 828 900 945 900 894 878 893 885 879 909 933 887 823 815 802 768 739 713 660 591 544 515 506 524 517 482 465 474 546 578 576 604 624
682 542 418 434 523 681 822 935 1027 1106 1112 1068 978 945 956 931 899 881 873 851 835 813 775 731 747 770 820 890 945 988 970 931 884 800 702 620 583 548 623 726 806 841 814 798 845 886 897 885 933 947 906 897 887 851 839 884 906 872 901 921 970 956 911 913 893 829 778 728 711 728 762 763 747 717 698 671 665 657 626 617 573 502 452 461 473 495 513
823 702 613 519 452 546 717 841 956 1068 1103 1064 993 926 943 932 908 896 851 812 804 815 795 741 752 771 816 893 929 951 931 853 817 810 771 692 604 572 678 760 772 762 705 688 736 792 876 900 921 920 876 823 864 885 872 844 856 921 981 986 1005 1001 984 996 942 868 811 761 699 683 734 724 691 685 730 757 721 637 578 580 573 531 490 446 402 390 409
955 869 756 684 543 464 607 807 995 1083 1062 1012 948 903 889 919 894 848 818 796 777 775 776 762 744 777 829 859 895 932 934 822 737 712 732 654 566 567 667 685 640 646 649 701 707 727 773 844 899 882 842 794 802 854 866 857 880 947 929 911 956 997 1042 1079 1046 934 833 768 684 620 649 685 660 645 721 733 700 686 620 550 521 509 462 415 387 381 366
921 924 833 731 620 482 574 794 978 1062 1047 991 918 858 859 905 920 871 857 842 804 836 847 810 757 768 801 841 893 929 958 905 791 698 690 680 591 560 563 588 625 694 673 683 736 771 764 785 836 881 879 838 793 807 832 857 835 852 868 831 853 883 936 1012 1058 1019 911 792 705 613 583 650 610 588 629 633 601 598 563 522 478 437 410 417 483 514 446
