maps/GEBCO_20_Feb_2022_e090bfcc934c/gebco_2021_n39.0_s36.0_w-125.0_e-120.0.asc
ncols        1200
nrows        720
xllcorner    -125.000000000000
yllcorner    36.000000000000
cellsize     0.004166666667
NODATA_value -32767
[rows 266 to 303 of 720, columns 783 to 869 of 1200]
56 57 55 53 66 58 60 55 38 32 30 36 38 25 19 18 16 14 13 13 12 10 9 8 6 4 4 3 3 3 3 2 1 -1 -1 -1 -3 -3 -2 -1 -3 -4 -4 -4 -5 -5 -5 -5 -5 -4 -4 -5 -5 -4 -4 -3 -4 -3 -2 0 -2 -3 -4 -3 -2 -2 -2 -2 -2 -1 0 -1 -1 0 0 1 1 1 0 1 0 -1 0 -2 -1 -1 -1
61 68 57 57 85 88 75 54 43 35 32 39 46 30 19 17 16 14 13 12 12 10 9 7 6 5 4 4 3 2 1 0 0 -1 -3 -3 -3 -2 -2 -2 -4 -4 -4 -5 -5 -5 -5 -5 -4 -4 -4 -4 -4 -3 -3 -3 -2 -1 -2 -2 -2 -2 -2 -1 -1 -1 -2 -2 -1 -1 -1 -1 -1 -2 -1 -1 -1 0 1 2 1 0 0 0 0 -1 -1
89 70 59 57 78 96 88 65 48 39 36 42 38 33 29 19 17 14 13 12 12 11 9 8 7 6 5 4 3 2 1 1 0 -2 -3 -4 -4 -2 -1 -2 -4 -4 -4 -4 -4 -4 -4 -4 -4 -4 -5 -5 -4 -3 -1 -1 -2 -3 -2 -3 -2 -3 -3 -3 -1 -1 -1 0 -1 -2 -1 -2 -1 -1 -1 -1 -1 -1 0 0 0 -1 -1 -1 0 0 -1
96 71 58 58 71 76 85 75 55 42 42 59 49 40 44 31 18 15 12 11 11 10 9 8 7 6 4 4 2 2 1 0 -1 -2 -3 -4 -4 -2 0 -3 -4 -4 -4 -4 -3 -3 -3 -3 -3 -3 -4 -3 -2 -2 -2 -3 -3 -3 -2 -2 -2 -2 -2 -3 -2 -2 -2 -1 -1 -2 -1 -1 -1 -1 0 -1 -1 -1 0 0 0 0 -1 -1 0 0 -1
84 71 61 75 88 80 68 77 74 47 44 58 65 46 33 29 30 19 14 12 11 9 9 7 6 5 4 3 2 1 1 0 -1 -2 -3 -3 -3 -2 -2 -3 -4 -4 -5 -3 -3 -4 -3 -3 -3 -2 -1 -2 -3 -3 -2 -2 -2 -2 -1 -2 -2 -2 -3 -2 -2 -2 -2 -1 -2 -2 -1 -1 -1 -1 -1 -1 -1 -1 -1 0 -1 0 0 -1 -1 0 1
67 67 87 102 85 78 67 60 54 62 74 68 59 48 43 39 45 35 21 14 11 10 8 8 7 5 4 3 2 1 1 0 -1 -1 -3 -3 -4 -3 -2 -2 -3 -4 -4 -3 -3 -3 -3 -1 -1 -2 -3 -3 -3 -3 -3 -3 -2 -2 -1 -2 -2 -2 -2 -2 -2 -2 -2 -2 -1 -1 -1 -1 -1 -2 -1 0 -1 -1 -1 0 1 -1 -1 -1 -1 -1 1
77 77 94 87 84 77 70 58 49 67 93 87 78 62 55 52 41 36 38 30 19 13 11 9 8 6 4 3 2 1 0 0 -1 -1 -2 -3 -4 -3 -2 -1 -2 -3 -3 -2 -2 0 -1 -3 -3 -3 -3 -3 -3 -3 -3 -2 -2 -2 -1 -2 -2 -2 -2 -2 -2 -2 -2 -2 -2 -2 -2 -2 -2 -1 -1 0 0 -1 -1 0 -1 0 -1 -1 -1 0 1
122 103 94 87 103 97 86 68 53 54 71 89 94 79 68 61 48 36 33 33 34 31 27 15 9 7 5 3 2 1 0 0 -1 -2 -2 -4 -3 -1 1 2 2 -2 -1 -1 1 -1 -3 -2 -3 -3 -3 -3 -3 -2 -3 -2 -2 -2 -1 -2 -3 -2 -2 -1 -2 -2 -2 -2 -1 -2 -2 -1 -2 -2 -1 -1 -1 0 -1 0 0 -1 -1 -1 -1 0 1
182 154 135 119 91 83 105 114 80 58 59 67 76 94 88 73 60 46 33 27 25 25 19 18 21 16 8 4 3 1 0 0 -2 -2 -3 -3 -2 0 0 0 1 0 0 -2 -2 -1 -1 0 -3 -3 -3 -3 -2 -2 -2 -2 -2 -1 -1 -2 -2 -2 -2 -2 -2 -2 -1 -1 -2 -1 -1 -1 -1 -1 -1 -1 -1 -1 0 0 -1 -1 -1 -1 0 0 1
210 201 187 171 128 94 87 109 108 73 67 85 90 82 87 93 82 62 45 34 27 23 28 27 32 29 15 6 5 3 1 -1 -1 -3 -3 -3 -1 0 0 0 0 0 -1 -3 -2 -1 -1 0 -1 -2 -2 -2 -2 -2 -2 -2 -2 -1 -1 -1 -2 -2 -1 -2 -2 -1 -2 -2 -1 -1 -1 -1 -1 -1 -1 -1 -1 -1 0 0 0 -1 -1 0 0 0 2
236 220 181 143 117 94 84 78 70 64 81 98 89 75 70 61 72 74 68 48 26 27 30 20 17 18 17 9 6 4 2 0 -2 -3 -2 0 0 0 0 0 0 0 1 -2 -2 -2 -1 1 1 -1 -2 -2 -2 -2 -2 -3 -2 -2 -1 0 -1 -1 -1 -1 -1 -1 -1 -1 -1 -1 -1 -1 -2 -1 -1 0 0 -1 0 0 -1 0 0 0 1 2 2
281 231 177 120 120 125 115 95 85 86 91 113 101 89 72 58 50 46 39 34 33 38 23 19 19 13 11 10 7 5 2 1 0 -2 -2 0 0 0 0 0 0 0 0 -1 -3 -2 -1 1 0 -2 -2 -2 -2 -1 -2 -3 -2 -1 -2 -1 -1 -1 0 -1 -1 -1 -1 -1 0 -1 -1 -1 -2 -1 -1 -1 0 -1 0 0 1 0 1 1 1 2 1
241 171 122 119 172 199 187 136 118 97 78 84 84 80 70 62 49 45 37 50 49 37 28 19 18 15 12 10 7 5 3 2 1 0 0 0 0 0 0 0 0 0 0 -1 -2 -2 -1 1 0 -1 -2 -2 -2 -2 -2 -2 -2 -2 -2 -2 -2 -1 -1 -1 -1 0 0 -1 -1 0 -1 -1 -1 -1 -1 0 0 0 0 1 1 1 1 1 2 2 1
190 150 162 206 242 282 230 175 172 120 94 84 77 89 89 85 80 60 57 60 41 31 25 19 18 16 13 10 8 6 4 2 1 0 0 0 0 0 0 0 0 0 0 0 -1 -1 0 0 -1 -1 -1 -1 -2 -1 -1 -2 -2 -2 -2 -1 -2 -2 -1 -2 -2 -1 -1 -1 -1 -1 -1 -1 -1 -1 -1 -1 0 0 0 1 0 0 1 1 2 2 1
142 141 162 250 299 295 226 206 227 160 123 109 102 96 78 78 74 71 66 52 54 43 30 22 20 18 15 11 9 7 5 3 2 0 0 0 0 0 0 0 0 0 0 0 1 0 -1 -2 -1 0 -1 -1 -1 -2 -1 -1 -1 -2 -2 -2 -2 -2 -2 -2 -2 -2 -1 -1 -1 -1 0 -1 -1 0 0 1 1 0 1 1 0 0 1 1 2 1 1
141 141 147 187 256 295 260 231 233 203 164 140 117 104 92 79 67 72 57 46 58 49 35 27 23 20 16 13 11 10 8 6 4 2 1 0 0 0 0 -1 -1 -1 -1 -1 1 -1 -2 -2 -3 -2 -1 -1 0 -1 -1 -1 -1 -1 -1 -1 -2 -1 -1 -1 -2 -2 -1 -1 0 -1 -1 -1 -1 0 0 0 0 1 1 1 1 0 1 1 2 2 1
141 141 147 165 192 244 260 258 274 228 187 179 142 133 110 90 74 60 69 59 53 54 43 30 27 23 18 14 12 12 11 11 9 5 3 1 0 0 -1 -1 -2 -2 -1 -1 1 0 -2 -2 -1 -1 -1 0 0 -1 -1 -1 0 -1 -1 0 0 0 -1 -1 -1 -1 -1 -1 0 1 -1 -1 0 1 0 0 0 0 1 1 1 1 0 0 1 2 2
141 141 147 181 200 208 251 260 236 202 186 174 184 175 143 114 103 84 79 72 56 45 40 38 38 30 21 16 16 19 15 13 9 8 6 5 3 1 1 0 0 0 0 1 1 0 0 0 0 0 0 0 1 1 1 1 1 0 1 1 1 0 0 0 0 0 0 0 0 0 0 0 1 2 3 2 2 2 1 2 2 2 1 0 1 1 2
142 150 148 146 155 182 230 252 254 203 184 213 227 185 148 135 116 93 98 93 73 59 49 47 39 35 29 23 20 19 18 13 10 10 9 7 6 4 4 3 2 2 1 1 1 0 -1 -1 -1 -1 -1 -1 0 0 -1 -1 -1 -1 -1 -2 -1 -2 -1 -1 -1 -1 -1 -1 0 0 0 0 0 1 2 2 2 2 2 2 1 1 1 1 2 2 1
156 199 185 158 170 184 257 287 267 238 239 222 181 149 140 161 133 125 115 109 92 77 65 63 52 41 39 31 28 24 15 17 16 13 12 11 9 8 7 6 5 4 3 2 0 1 0 -1 -1 -1 -1 -1 -1 0 0 -1 -1 -1 -1 -2 -2 -2 -2 -2 -2 -1 0 0 0 0 1 1 1 1 1 1 3 3 2 1 1 1 2 2 1 1 1
150 185 215 196 202 222 277 329 305 266 265 242 201 163 154 123 140 172 146 128 122 104 95 87 74 64 46 39 37 24 25 25 18 20 20 15 12 10 10 9 9 8 7 5 3 2 1 0 0 0 -1 -1 -1 -1 -1 -1 -1 -1 -1 -1 -1 -2 -1 0 -1 0 0 1 1 2 2 1 1 1 2 2 4 3 4 2 1 2 1 2 2 1 0
168 167 215 239 223 240 284 320 310 288 278 236 188 183 145 141 176 203 172 166 187 155 128 113 108 86 62 43 28 37 31 26 20 22 28 20 15 13 13 12 12 12 10 8 7 5 3 2 1 1 0 0 -1 -1 -1 -1 0 -1 -1 -1 -1 -1 0 0 1 2 1 2 3 2 3 3 4 3 2 3 3 3 3 2 2 0 0 1 1 1 1
209 207 246 283 278 275 285 321 323 309 274 215 169 152 139 148 180 208 215 198 214 231 195 155 125 93 81 63 46 40 39 33 26 24 22 20 15 16 17 16 15 14 13 11 10 9 7 5 3 1 1 1 0 -1 0 -1 0 0 -1 -1 0 0 0 0 1 0 1 0 0 0 1 1 3 3 2 3 3 1 0 1 1 1 0 0 1 1 2
261 276 301 326 330 329 327 334 306 260 233 214 220 193 161 140 177 195 214 196 195 225 213 198 157 110 87 68 56 47 43 43 34 29 25 21 19 20 19 19 18 17 16 15 14 12 10 9 6 4 3 1 1 1 0 0 -1 -1 -1 0 -1 -1 0 1 2 0 0 1 1 1 1 1 2 3 2 2 2 1 0 1 1 1 1 1 0 1 2
311 299 311 344 345 351 350 318 303 263 275 297 293 247 198 168 180 204 196 179 159 165 169 151 145 108 90 81 61 50 42 41 41 37 32 31 26 24 24 23 21 20 19 18 16 15 14 12 9 8 5 3 1 2 1 1 0 -1 -1 -1 0 -1 1 1 0 0 1 1 0 1 1 1 1 1 1 2 2 1 1 1 1 2 2 1 1 0 1
306 283 306 347 369 363 325 300 290 263 307 356 308 242 212 183 205 233 215 199 167 138 138 140 125 108 95 81 66 58 53 47 54 56 50 48 39 30 28 27 25 24 22 20 19 18 16 14 12 10 8 5 3 1 -1 0 0 1 0 0 2 1 0 0 1 1 0 0 0 0 0 1 1 1 1 1 2 2 2 2 2 2 1 1 1 1 1
290 270 291 318 338 340 319 290 274 275 340 360 310 260 252 211 208 228 219 193 167 160 180 178 164 128 103 87 80 75 71 65 67 66 62 64 49 38 33 31 29 28 26 24 23 20 18 16 14 11 9 7 4 2 0 -1 0 1 0 1 2 1 -1 0 0 0 1 0 0 0 0 0 1 1 0 1 2 2 2 2 2 2 1 2 2 1 1
258 259 275 289 305 328 339 341 313 292 302 295 286 269 251 216 207 234 235 233 211 171 150 154 166 147 107 98 97 91 84 77 79 67 66 68 60 50 39 36 35 33 31 28 25 23 20 17 15 13 11 9 6 4 2 1 0 -1 -1 0 0 0 -1 -1 0 0 0 0 0 0 0 1 1 0 1 2 2 1 2 2 2 3 3 2 2 3 2
251 271 291 312 333 349 393 406 373 328 300 273 256 252 258 223 237 273 286 255 221 191 155 135 152 165 145 126 120 117 101 90 80 83 73 73 71 56 53 44 41 38 35 31 28 25 21 18 15 14 11 10 8 6 4 3 2 1 0 -1 -1 0 0 0 -1 0 -1 0 0 -1 0 0 0 1 1 4 2 2 2 1 2 3 2 2 3 3 3
266 278 295 323 357 384 387 423 435 379 341 292 262 239 236 235 277 286 292 279 240 198 171 158 190 199 166 141 128 114 110 103 91 79 67 62 66 76 70 54 45 41 38 35 30 25 22 19 17 15 13 11 10 8 7 5 4 4 2 1 0 0 0 -1 -1 0 0 1 1 1 0 -1 0 2 2 2 4 4 3 3 3 4 4 4 3 2 3
284 303 317 352 380 377 364 401 401 373 346 317 277 259 242 251 283 282 280 289 289 242 206 193 224 213 178 150 132 120 115 110 102 91 86 79 79 80 72 56 47 44 42 37 32 28 24 22 20 18 16 14 12 11 9 8 7 6 5 3 2 1 1 0 0 -1 1 3 3 2 2 2 4 5 6 5 5 7 6 5 7 6 5 5 5 4 3
298 297 295 321 353 335 298 320 336 324 320 324 304 274 251 251 272 281 298 326 322 286 244 232 220 222 211 185 159 133 120 119 112 114 103 93 88 75 63 53 55 54 49 41 35 32 29 26 24 23 20 18 15 13 11 11 10 9 8 5 4 3 3 3 2 2 5 6 4 5 5 5 7 8 7 7 7 8 8 7 8 8 7 6 6 6 4
267 264 271 309 324 302 271 249 290 300 339 306 303 271 246 251 291 335 322 324 315 310 266 219 192 182 187 197 177 148 131 121 130 143 118 94 83 80 71 65 69 65 56 47 42 37 33 31 29 27 24 22 19 17 15 14 14 12 10 8 7 5 4 5 4 5 6 6 7 5 7 7 9 9 9 9 9 11 10 8 8 9 8 9 8 7 7
231 236 244 264 280 253 231 230 252 305 354 312 286 273 243 272 308 342 315 292 300 311 276 224 191 170 158 156 168 148 136 135 139 131 123 117 100 91 77 82 83 70 58 51 47 41 38 37 36 34 31 28 25 23 20 19 17 15 13 11 10 8 7 8 7 7 8 8 7 8 9 10 10 11 11 11 11 10 11 11 10 10 10 9 9 9 8
208 218 215 221 240 240 205 211 248 291 329 319 271 264 238 268 279 287 261 245 251 268 245 202 191 203 183 176 182 165 148 135 122 115 116 126 109 90 91 86 84 81 67 54 45 43 43 43 42 39 35 32 29 27 25 23 21 18 15 14 13 10 10 9 9 9 9 9 10 10 10 12 13 13 13 13 13 12 13 12 11 10 10 11 10 9 9
191 203 200 194 207 218 200 218 260 301 337 339 303 261 240 243 256 241 246 272 255 222 215 198 185 188 174 167 176 166 150 136 133 119 106 99 98 112 106 91 94 89 77 69 61 53 50 50 48 45 39 36 33 31 29 27 24 21 18 17 16 14 13 12 11 11 11 11 11 11 13 15 15 16 15 16 15 14 14 14 12 12 12 12 11 11 11
202 195 183 177 182 193 207 243 280 306 344 367 355 315 264 232 244 275 293 297 304 274 274 246 235 208 186 174 166 167 158 147 138 128 115 107 103 118 115 99 99 93 85 83 76 70 61 56 54 50 45 41 37 35 33 30 27 24 22 20 18 17 17 14 13 13 12 12 13 14 15 16 16 17 17 17 16 16 15 14 15 15 13 14 13 12 12
193 191 179 171 169 174 192 218 249 281 314 335 357 344 289 244 246 268 289 288 315 284 272 282 258 219 205 186 170 158 151 144 147 137 119 122 118 110 108 113 113 108 100 89 77 71 65 62 61 56 51 45 42 39 36 33 30 27 26 23 21 20 18 16 15 14 13 13 15 17 18 18 17 17 18 18 19 18 16 16 16 16 15 14 14 14 13
